Time(ms),AccelX,AccelY,AccelZ,MagX,MagY,MagZ,GyroX,GyroY,GyroZ,GPS
53969,-0.93,-4.37,8.75,46.50,73.87,-84.37,0.01,0.00,0.00,,,,,,99.99,99.99,99.99*30
$GPGLL,,,,,,V,N*64
$GPRMC,,V,,,,,,,,,,N*53
$GPVTG,,,,,,,,,N*30
$GPGGA,,,,,,0,00,99.99,,,,,,*48
$GPGSA,A,1,,,,,,,,,,,,,99.99,99.99,99.99*30
$GPGSV,1,1,01,07,,,27*7A
$GPGLL,,,,,,V,N*64
$GPRMC,,V,,,,,,,,,,N*53
$GPVTG,,,,,,,,,,,,,,,,,,,,,,99.99,99.99,99.99*30
$GPGSV,1,1,01,29,,,28*79
$GPGLL,,,,,,V,N*64

54084,-0.94,-4.37,8.78,46.75,75.00,-83.69,0.00,-0.00,-0.01,$
54104,-0.97,-4.36,8.67,46.75,75.00,-83.69,-0.00,-0.00,0.01,GPRMC,,V,,,,,,,,,,N*
54133,-0.92,-4.38,8.78,46.06,75.00,-84.37,-0.01,0.00,-0.00,53
$GPVTG,,,,,,,,,N*30
$G
54160,-0.95,-4.38,8.72,46.06,75.00,-84.37,-0.00,0.00,-0.00,PGGA,,,,,,0,00,99.99,,,,,,*
54186,-0.94,-4.40,8.68,46.75,73.87,-83.19,-0.00,0.00,0.01,48
$GPGSA,A,1,,,,,,,,,,,,
54214,-0.92,-4.40,8.71,46.75,73.87,-83.19,0.00,0.00,0.00,,99.99,99.99,99.99*30
$G
54242,-0.94,-4.38,8.71,46.50,74.19,-83.25,-0.00,0.00,0.00,PGLL,,,,,,V,N*64

55085,-0.95,-4.39,8.74,47.19,74.19,-82.75,0.01,0.00,0.00,$
55106,-0.97,-4.37,8.63,47.19,74.19,-82.75,-0.00,0.00,0.00,GPRMC,,V,,,,,,,,,,N*
55134,-0.94,-4.38,8.74,46.06,74.56,-83.69,-0.00,-0.00,-0.01,53
$GPVTG,,,,,,,,,N*30
$G
55161,-0.96,-4.38,8.71,46.06,74.56,-83.69,-0.01,-0.01,0.00,PGGA,,,,,,0,00,99.99,,,,,,*
55187,-0.94,-4.41,8.71,45.00,74.56,-84.37,0.00,0.00,-0.00,48
$GPGSA,A,1,,,,,,,,,,,,
55215,-0.94,-4.39,8.67,45.00,74.56,-84.37,0.00,0.00,0.00,,99.99,99.99,99.99*30
$G
55243,-0.92,-4.40,8.73,44.56,74.56,-82.75,-0.00,0.00,-0.00,PGLL,,,,,,V,N*64

56083,-0.96,-4.38,8.73,46.75,74.19,-83.19,0.00,0.00,0.00,$
56098,-0.94,-4.39,8.63,46.75,74.19,-83.19,-0.00,0.00,-0.00,GPRMC,,V,,,,,,,,
56125,-0.96,-4.38,8.74,46.75,74.19,-83.19,0.01,-0.00,-0.00,,,N*53
$GPVTG,,,,,,,,,N*
56152,-0.97,-4.36,8.64,43.87,74.19,-83.69,0.00,0.00,0.01,30
$GPGGA,,,,,,0,00,99.99
56178,-0.95,-4.38,8.76,46.50,73.50,-83.19,0.00,0.00,-0.01,,,,,,,*48
$GPGSA,A,1,,,,
56206,-0.95,-4.40,8.65,46.50,73.50,-83.19,0.00,0.00,0.00,,,,,,,,,,99.99,99.99,99.9
56237,-0.95,-4.38,8.76,45.38,74.56,-83.19,0.00,-0.00,0.00,9*30
$GPGLL,,,,,,V,N*64

57081,-0.95,-4.39,8.79,45.69,75.00,-82.75,0.00,0.00,-0.00,$
57098,-0.97,-4.38,8.74,45.69,75.00,-82.75,0.00,-0.00,-0.00,GPRMC,,V,,,,,,
57123,-0.96,-4.39,8.76,45.69,75.00,-82.75,0.00,0.00,0.00,,,,,N*53
$GPVTG,,,,,,,,,N*
57149,-0.95,-4.37,8.65,45.69,74.56,-83.19,0.00,0.00,0.00,30
$GPGGA,,,,,,0,00,99.
57176,-0.94,-4.38,8.74,45.69,74.56,-83.19,0.00,0.00,-0.00,99,,,,,,*48
$GPGSA,A,1,,
57201,-0.93,-4.41,8.64,45.38,75.00,-83.56,-0.00,0.00,0.00,,,,,,,,,,,,99.99,99.99,99
57230,-0.96,-4.42,8.75,45.69,74.19,-83.69,0.00,-0.00,0.00,.99*30
$GPGLL,,,,,,V,N*64
57258,-0.96,-4.41,8.63,45.69,74.19,-83.69,0.00,0.00,0.01,

58082,-0.94,-4.37,8.77,46.50,74.19,-83.19,0.00,0.00,0.00,$
58099,-0.91,-4.37,8.76,46.50,74.19,-83.19,0.00,-0.00,0.00,GPRMC,,V,,,,,,
58125,-0.96,-4.38,8.74,46.50,74.19,-83.19,0.00,0.00,0.00,,,,,N*53
$GPVTG,,,,,,,,,N*
58151,-0.97,-4.38,8.64,46.06,74.19,-83.69,-0.00,0.00,0.00,30
$GPGGA,,,,,,0,00,99.
58177,-0.96,-4.37,8.74,46.06,74.19,-83.69,0.00,-0.00,-0.00,99,,,,,,*48
$GPGSA,A,1,,
58209,-0.96,-4.37,8.63,47.19,74.19,-83.19,0.00,0.00,-0.01,,,,,,,,,,,,99.99,99.99,99.99*
58237,-0.90,-4.40,8.74,47.19,74.19,-83.19,0.00,0.00,-0.01,30
$GPGLL,,,,,,V,N*64

59082,-0.92,-4.41,8.75,44.56,74.19,-84.00,0.01,0.00,0.00,$
59100,-0.94,-4.40,8.68,44.56,74.19,-84.00,0.00,0.00,0.01,GPRMC,,V,,,,,,,
59125,-0.96,-4.39,8.73,44.56,74.19,-84.00,0.01,0.00,0.00,,,,N*53
$GPVTG,,,,,,,,,N*3
59151,-0.98,-4.38,8.75,46.06,74.56,-82.50,-0.00,0.00,0.01,0
$GPGGA,,,,,,0,00,99.9
59182,-0.98,-4.39,8.74,46.06,74.19,-84.00,0.00,0.00,0.00,9,,,,,,*48
$GPGSA,A,1,,,,,,,
59210,-0.97,-4.40,8.65,46.06,74.19,-84.00,0.00,-0.00,-0.00,,,,,,,99.99,99.99,99.99*30
59237,-0.95,-4.41,8.76,47.19,74.19,-81.25,0.00,0.00,-0.00,
$GPGLL,,,,,,V,N*64

60083,-0.94,-4.41,8.76,46.75,73.87,-83.19,0.00,-0.00,-0.00,$
60101,-0.96,-4.37,8.75,46.75,73.87,-83.19,0.00,0.00,0.00,GPRMC,,V,,,,,,
60126,-0.96,-4.38,8.74,46.75,73.87,-83.19,0.00,-0.00,-0.01,,,,,N*53
$GPVTG,,,,,,,,,N*
60153,-0.95,-4.39,8.66,47.19,73.87,-84.00,-0.00,0.00,0.00,30
$GPGGA,,,,,,0,00,99.9
60183,-0.97,-4.36,8.76,46.06,73.06,-82.75,-0.00,0.00,0.00,9,,,,,,*48
$GPGSA,A,1,,,,,,,
60211,-0.96,-4.37,8.64,46.06,73.06,-82.75,-0.00,-0.00,-0.00,,,,,,,99.99,99.99,99.99*3
60239,-0.96,-4.38,8.77,45.38,74.56,-82.75,0.00,0.00,-0.00,0
$GPGSV,1,1,01,01,,,28*73
60264,-0.96,-4.41,8.71,45.38,74.56,-82.75,-0.00,0.00,0.00,
$GPGLL,,,,,,V,N*64

61084,-0.96,-4.38,8.76,46.50,74.56,-84.00,-0.00,-0.00,-0.00,$
61102,-0.95,-4.36,8.77,46.50,74.56,-84.00,-0.00,0.00,-0.01,GPRMC,,V,,,,,,,
61132,-0.98,-4.37,8.75,46.50,74.56,-84.00,0.00,0.00,-0.00,,,,N*53
$GPVTG,,,,,,,,,N*30
$
61160,-0.97,-4.40,8.63,46.50,74.19,-82.50,0.00,0.00,-0.00,GPGGA,,,,,,0,00,99.99,,,,
61185,-0.96,-4.39,8.75,46.75,73.87,-82.06,-0.00,0.00,0.00,,,*48
$GPGSA,A,1,,,,,,,,,,
61220,-0.93,-4.38,8.73,46.75,73.87,-82.06,0.00,0.00,-0.00,,,,99.99,99.99,99.99*30
$GPGLL
61245,-0.96,-4.40,8.74,45.69,74.56,-83.19,0.00,0.00,0.00,,,,,,,V,N*64

62083,-0.97,-4.38,8.71,89.37,40.25,-51.56,0.00,-0.00,-0.01,$
62104,-0.95,-4.40,8.76,89.37,39.19,-53.06,-0.00,0.00,0.00,GPRMC,,V,,,,,,,,,,N
62129,-0.93,-4.40,8.73,89.37,39.19,-53.06,0.00,-0.00,-0.00,*53
$GPVTG,,,,,,,,,N*30

62156,-0.94,-4.39,8.63,89.06,39.88,-51.88,0.01,0.00,0.01,$GPGGA,,,,,,0,00,99.99,,
62181,-0.95,-4.37,8.73,89.06,39.88,-51.88,0.01,0.00,0.01,,,,,*48
$GPGSA,A,1,,,,,,
62206,-0.99,-4.37,8.68,89.00,39.50,-53.06,0.01,0.01,0.01,,,,,,,,99.99,99.99,99.99*
62233,-0.97,-4.38,8.76,89.00,39.50,-53.06,-0.00,-0.00,0.00,30
$GPGLL,,,,,,V,N*64

